+-------------------------------------------------------------------------------------------------------------------------------------------------------------------------------------------------------------------------------------------------------------------------------------------------------------------+
; Legal Partition Candidates                                                                                                                                                                                                                                                                                        ;
+--------------------------------------------------------------------------------------------------------------+-------+----------------+--------------+----------------+--------+-----------------+---------------+-----------------+-------+----------------+--------------+------------------+-------------------+
; Hierarchy                                                                                                    ; Input ; Constant Input ; Unused Input ; Floating Input ; Output ; Constant Output ; Unused Output ; Floating Output ; Bidir ; Constant Bidir ; Unused Bidir ; Input only Bidir ; Output only Bidir ;
+--------------------------------------------------------------------------------------------------------------+-------+----------------+--------------+----------------+--------+-----------------+---------------+-----------------+-------+----------------+--------------+------------------+-------------------+
; s|hunthous|s                                                                                                 ; 65    ; 4              ; 2            ; 4              ; 1      ; 4               ; 4             ; 4               ; 0     ; 0              ; 0            ; 0                ; 0                 ;
; s|hunthous                                                                                                   ; 44    ; 0              ; 0            ; 0              ; 1      ; 0               ; 0             ; 0               ; 0     ; 0              ; 0            ; 0                ; 0                 ;
; s|tenthous|s                                                                                                 ; 65    ; 4              ; 2            ; 4              ; 1      ; 4               ; 4             ; 4               ; 0     ; 0              ; 0            ; 0                ; 0                 ;
; s|tenthous                                                                                                   ; 44    ; 0              ; 0            ; 0              ; 1      ; 0               ; 0             ; 0               ; 0     ; 0              ; 0            ; 0                ; 0                 ;
; s|thous|s                                                                                                    ; 65    ; 4              ; 2            ; 4              ; 1      ; 4               ; 4             ; 4               ; 0     ; 0              ; 0            ; 0                ; 0                 ;
; s|thous                                                                                                      ; 44    ; 0              ; 0            ; 0              ; 1      ; 0               ; 0             ; 0               ; 0     ; 0              ; 0            ; 0                ; 0                 ;
; s|tens|s                                                                                                     ; 65    ; 4              ; 2            ; 4              ; 1      ; 4               ; 4             ; 4               ; 0     ; 0              ; 0            ; 0                ; 0                 ;
; s|tens                                                                                                       ; 44    ; 0              ; 0            ; 0              ; 1      ; 0               ; 0             ; 0               ; 0     ; 0              ; 0            ; 0                ; 0                 ;
; s|ones|s                                                                                                     ; 65    ; 4              ; 2            ; 4              ; 1      ; 4               ; 4             ; 4               ; 0     ; 0              ; 0            ; 0                ; 0                 ;
; s|ones                                                                                                       ; 44    ; 0              ; 0            ; 0              ; 1      ; 0               ; 0             ; 0               ; 0     ; 0              ; 0            ; 0                ; 0                 ;
; s|converter                                                                                                  ; 17    ; 0              ; 0            ; 0              ; 20     ; 0               ; 0             ; 0               ; 0     ; 0              ; 0            ; 0                ; 0                 ;
; s                                                                                                            ; 33    ; 0              ; 0            ; 0              ; 24     ; 0               ; 0             ; 0               ; 0     ; 0              ; 0            ; 0                ; 0                 ;
; m                                                                                                            ; 4     ; 0              ; 0            ; 0              ; 24     ; 0               ; 0             ; 0               ; 0     ; 0              ; 0            ; 0                ; 0                 ;
; p|bs                                                                                                         ; 43    ; 3              ; 2            ; 3              ; 1      ; 3               ; 3             ; 3               ; 0     ; 0              ; 0            ; 0                ; 0                 ;
; p|s                                                                                                          ; 128   ; 88             ; 2            ; 88             ; 1      ; 88              ; 88            ; 88              ; 0     ; 0              ; 0            ; 0                ; 0                 ;
; p                                                                                                            ; 25    ; 0              ; 0            ; 0              ; 43     ; 0               ; 0             ; 0               ; 0     ; 0              ; 0            ; 0                ; 0                 ;
; eg|cols[10].e_col|octo2|s                                                                                    ; 136   ; 82             ; 2            ; 82             ; 1      ; 82              ; 82            ; 82              ; 0     ; 0              ; 0            ; 0                ; 0                 ;
; eg|cols[10].e_col|octo2                                                                                      ; 79    ; 19             ; 0            ; 19             ; 4      ; 19              ; 19            ; 19              ; 0     ; 0              ; 0            ; 0                ; 0                 ;
; eg|cols[10].e_col|octo1|s                                                                                    ; 136   ; 82             ; 2            ; 82             ; 1      ; 82              ; 82            ; 82              ; 0     ; 0              ; 0            ; 0                ; 0                 ;
; eg|cols[10].e_col|octo1                                                                                      ; 79    ; 19             ; 0            ; 19             ; 4      ; 19              ; 19            ; 19              ; 0     ; 0              ; 0            ; 0                ; 0                 ;
; eg|cols[10].e_col|bird2|s                                                                                    ; 128   ; 70             ; 2            ; 70             ; 1      ; 70              ; 70            ; 70              ; 0     ; 0              ; 0            ; 0                ; 0                 ;
; eg|cols[10].e_col|bird2                                                                                      ; 79    ; 19             ; 0            ; 19             ; 4      ; 19              ; 19            ; 19              ; 0     ; 0              ; 0            ; 0                ; 0                 ;
; eg|cols[10].e_col|bird1|s                                                                                    ; 128   ; 70             ; 2            ; 70             ; 1      ; 70              ; 70            ; 70              ; 0     ; 0              ; 0            ; 0                ; 0                 ;
; eg|cols[10].e_col|bird1                                                                                      ; 79    ; 19             ; 0            ; 19             ; 4      ; 19              ; 19            ; 19              ; 0     ; 0              ; 0            ; 0                ; 0                 ;
; eg|cols[10].e_col|smol|s                                                                                     ; 104   ; 46             ; 2            ; 46             ; 1      ; 46              ; 46            ; 46              ; 0     ; 0              ; 0            ; 0                ; 0                 ;
; eg|cols[10].e_col|smol                                                                                       ; 79    ; 19             ; 0            ; 19             ; 4      ; 19              ; 19            ; 19              ; 0     ; 0              ; 0            ; 0                ; 0                 ;
; eg|cols[10].e_col                                                                                            ; 61    ; 22             ; 0            ; 22             ; 17     ; 22              ; 22            ; 22              ; 0     ; 0              ; 0            ; 0                ; 0                 ;
; eg|cols[9].e_col|octo2|s                                                                                     ; 136   ; 82             ; 2            ; 82             ; 1      ; 82              ; 82            ; 82              ; 0     ; 0              ; 0            ; 0                ; 0                 ;
; eg|cols[9].e_col|octo2                                                                                       ; 79    ; 19             ; 0            ; 19             ; 4      ; 19              ; 19            ; 19              ; 0     ; 0              ; 0            ; 0                ; 0                 ;
; eg|cols[9].e_col|octo1|s                                                                                     ; 136   ; 82             ; 2            ; 82             ; 1      ; 82              ; 82            ; 82              ; 0     ; 0              ; 0            ; 0                ; 0                 ;
; eg|cols[9].e_col|octo1                                                                                       ; 79    ; 19             ; 0            ; 19             ; 4      ; 19              ; 19            ; 19              ; 0     ; 0              ; 0            ; 0                ; 0                 ;
; eg|cols[9].e_col|bird2|s                                                                                     ; 128   ; 70             ; 2            ; 70             ; 1      ; 70              ; 70            ; 70              ; 0     ; 0              ; 0            ; 0                ; 0                 ;
; eg|cols[9].e_col|bird2                                                                                       ; 79    ; 19             ; 0            ; 19             ; 4      ; 19              ; 19            ; 19              ; 0     ; 0              ; 0            ; 0                ; 0                 ;
; eg|cols[9].e_col|bird1|s                                                                                     ; 128   ; 70             ; 2            ; 70             ; 1      ; 70              ; 70            ; 70              ; 0     ; 0              ; 0            ; 0                ; 0                 ;
; eg|cols[9].e_col|bird1                                                                                       ; 79    ; 19             ; 0            ; 19             ; 4      ; 19              ; 19            ; 19              ; 0     ; 0              ; 0            ; 0                ; 0                 ;
; eg|cols[9].e_col|smol|s                                                                                      ; 104   ; 46             ; 2            ; 46             ; 1      ; 46              ; 46            ; 46              ; 0     ; 0              ; 0            ; 0                ; 0                 ;
; eg|cols[9].e_col|smol                                                                                        ; 79    ; 19             ; 0            ; 19             ; 4      ; 19              ; 19            ; 19              ; 0     ; 0              ; 0            ; 0                ; 0                 ;
; eg|cols[9].e_col                                                                                             ; 61    ; 22             ; 0            ; 22             ; 17     ; 22              ; 22            ; 22              ; 0     ; 0              ; 0            ; 0                ; 0                 ;
; eg|cols[8].e_col|octo2|s                                                                                     ; 136   ; 82             ; 2            ; 82             ; 1      ; 82              ; 82            ; 82              ; 0     ; 0              ; 0            ; 0                ; 0                 ;
; eg|cols[8].e_col|octo2                                                                                       ; 79    ; 19             ; 0            ; 19             ; 4      ; 19              ; 19            ; 19              ; 0     ; 0              ; 0            ; 0                ; 0                 ;
; eg|cols[8].e_col|octo1|s                                                                                     ; 136   ; 82             ; 2            ; 82             ; 1      ; 82              ; 82            ; 82              ; 0     ; 0              ; 0            ; 0                ; 0                 ;
; eg|cols[8].e_col|octo1                                                                                       ; 79    ; 19             ; 0            ; 19             ; 4      ; 19              ; 19            ; 19              ; 0     ; 0              ; 0            ; 0                ; 0                 ;
; eg|cols[8].e_col|bird2|s                                                                                     ; 128   ; 70             ; 2            ; 70             ; 1      ; 70              ; 70            ; 70              ; 0     ; 0              ; 0            ; 0                ; 0                 ;
; eg|cols[8].e_col|bird2                                                                                       ; 79    ; 19             ; 0            ; 19             ; 4      ; 19              ; 19            ; 19              ; 0     ; 0              ; 0            ; 0                ; 0                 ;
; eg|cols[8].e_col|bird1|s                                                                                     ; 128   ; 70             ; 2            ; 70             ; 1      ; 70              ; 70            ; 70              ; 0     ; 0              ; 0            ; 0                ; 0                 ;
; eg|cols[8].e_col|bird1                                                                                       ; 79    ; 19             ; 0            ; 19             ; 4      ; 19              ; 19            ; 19              ; 0     ; 0              ; 0            ; 0                ; 0                 ;
; eg|cols[8].e_col|smol|s                                                                                      ; 104   ; 46             ; 2            ; 46             ; 1      ; 46              ; 46            ; 46              ; 0     ; 0              ; 0            ; 0                ; 0                 ;
; eg|cols[8].e_col|smol                                                                                        ; 79    ; 19             ; 0            ; 19             ; 4      ; 19              ; 19            ; 19              ; 0     ; 0              ; 0            ; 0                ; 0                 ;
; eg|cols[8].e_col                                                                                             ; 61    ; 22             ; 0            ; 22             ; 17     ; 22              ; 22            ; 22              ; 0     ; 0              ; 0            ; 0                ; 0                 ;
; eg|cols[7].e_col|octo2|s                                                                                     ; 136   ; 82             ; 2            ; 82             ; 1      ; 82              ; 82            ; 82              ; 0     ; 0              ; 0            ; 0                ; 0                 ;
; eg|cols[7].e_col|octo2                                                                                       ; 79    ; 19             ; 0            ; 19             ; 4      ; 19              ; 19            ; 19              ; 0     ; 0              ; 0            ; 0                ; 0                 ;
; eg|cols[7].e_col|octo1|s                                                                                     ; 136   ; 82             ; 2            ; 82             ; 1      ; 82              ; 82            ; 82              ; 0     ; 0              ; 0            ; 0                ; 0                 ;
; eg|cols[7].e_col|octo1                                                                                       ; 79    ; 19             ; 0            ; 19             ; 4      ; 19              ; 19            ; 19              ; 0     ; 0              ; 0            ; 0                ; 0                 ;
; eg|cols[7].e_col|bird2|s                                                                                     ; 128   ; 70             ; 2            ; 70             ; 1      ; 70              ; 70            ; 70              ; 0     ; 0              ; 0            ; 0                ; 0                 ;
; eg|cols[7].e_col|bird2                                                                                       ; 79    ; 19             ; 0            ; 19             ; 4      ; 19              ; 19            ; 19              ; 0     ; 0              ; 0            ; 0                ; 0                 ;
; eg|cols[7].e_col|bird1|s                                                                                     ; 128   ; 70             ; 2            ; 70             ; 1      ; 70              ; 70            ; 70              ; 0     ; 0              ; 0            ; 0                ; 0                 ;
; eg|cols[7].e_col|bird1                                                                                       ; 79    ; 19             ; 0            ; 19             ; 4      ; 19              ; 19            ; 19              ; 0     ; 0              ; 0            ; 0                ; 0                 ;
; eg|cols[7].e_col|smol|s                                                                                      ; 104   ; 46             ; 2            ; 46             ; 1      ; 46              ; 46            ; 46              ; 0     ; 0              ; 0            ; 0                ; 0                 ;
; eg|cols[7].e_col|smol                                                                                        ; 79    ; 19             ; 0            ; 19             ; 4      ; 19              ; 19            ; 19              ; 0     ; 0              ; 0            ; 0                ; 0                 ;
; eg|cols[7].e_col                                                                                             ; 61    ; 22             ; 0            ; 22             ; 17     ; 22              ; 22            ; 22              ; 0     ; 0              ; 0            ; 0                ; 0                 ;
; eg|cols[6].e_col|octo2|s                                                                                     ; 136   ; 82             ; 2            ; 82             ; 1      ; 82              ; 82            ; 82              ; 0     ; 0              ; 0            ; 0                ; 0                 ;
; eg|cols[6].e_col|octo2                                                                                       ; 79    ; 19             ; 0            ; 19             ; 4      ; 19              ; 19            ; 19              ; 0     ; 0              ; 0            ; 0                ; 0                 ;
; eg|cols[6].e_col|octo1|s                                                                                     ; 136   ; 82             ; 2            ; 82             ; 1      ; 82              ; 82            ; 82              ; 0     ; 0              ; 0            ; 0                ; 0                 ;
; eg|cols[6].e_col|octo1                                                                                       ; 79    ; 19             ; 0            ; 19             ; 4      ; 19              ; 19            ; 19              ; 0     ; 0              ; 0            ; 0                ; 0                 ;
; eg|cols[6].e_col|bird2|s                                                                                     ; 128   ; 70             ; 2            ; 70             ; 1      ; 70              ; 70            ; 70              ; 0     ; 0              ; 0            ; 0                ; 0                 ;
; eg|cols[6].e_col|bird2                                                                                       ; 79    ; 19             ; 0            ; 19             ; 4      ; 19              ; 19            ; 19              ; 0     ; 0              ; 0            ; 0                ; 0                 ;
; eg|cols[6].e_col|bird1|s                                                                                     ; 128   ; 70             ; 2            ; 70             ; 1      ; 70              ; 70            ; 70              ; 0     ; 0              ; 0            ; 0                ; 0                 ;
; eg|cols[6].e_col|bird1                                                                                       ; 79    ; 19             ; 0            ; 19             ; 4      ; 19              ; 19            ; 19              ; 0     ; 0              ; 0            ; 0                ; 0                 ;
; eg|cols[6].e_col|smol|s                                                                                      ; 104   ; 46             ; 2            ; 46             ; 1      ; 46              ; 46            ; 46              ; 0     ; 0              ; 0            ; 0                ; 0                 ;
; eg|cols[6].e_col|smol                                                                                        ; 79    ; 19             ; 0            ; 19             ; 4      ; 19              ; 19            ; 19              ; 0     ; 0              ; 0            ; 0                ; 0                 ;
; eg|cols[6].e_col                                                                                             ; 61    ; 22             ; 0            ; 22             ; 17     ; 22              ; 22            ; 22              ; 0     ; 0              ; 0            ; 0                ; 0                 ;
; eg|cols[5].e_col|octo2|s                                                                                     ; 136   ; 82             ; 2            ; 82             ; 1      ; 82              ; 82            ; 82              ; 0     ; 0              ; 0            ; 0                ; 0                 ;
; eg|cols[5].e_col|octo2                                                                                       ; 79    ; 19             ; 0            ; 19             ; 4      ; 19              ; 19            ; 19              ; 0     ; 0              ; 0            ; 0                ; 0                 ;
; eg|cols[5].e_col|octo1|s                                                                                     ; 136   ; 82             ; 2            ; 82             ; 1      ; 82              ; 82            ; 82              ; 0     ; 0              ; 0            ; 0                ; 0                 ;
; eg|cols[5].e_col|octo1                                                                                       ; 79    ; 19             ; 0            ; 19             ; 4      ; 19              ; 19            ; 19              ; 0     ; 0              ; 0            ; 0                ; 0                 ;
; eg|cols[5].e_col|bird2|s                                                                                     ; 128   ; 70             ; 2            ; 70             ; 1      ; 70              ; 70            ; 70              ; 0     ; 0              ; 0            ; 0                ; 0                 ;
; eg|cols[5].e_col|bird2                                                                                       ; 79    ; 19             ; 0            ; 19             ; 4      ; 19              ; 19            ; 19              ; 0     ; 0              ; 0            ; 0                ; 0                 ;
; eg|cols[5].e_col|bird1|s                                                                                     ; 128   ; 70             ; 2            ; 70             ; 1      ; 70              ; 70            ; 70              ; 0     ; 0              ; 0            ; 0                ; 0                 ;
; eg|cols[5].e_col|bird1                                                                                       ; 79    ; 19             ; 0            ; 19             ; 4      ; 19              ; 19            ; 19              ; 0     ; 0              ; 0            ; 0                ; 0                 ;
; eg|cols[5].e_col|smol|s                                                                                      ; 104   ; 46             ; 2            ; 46             ; 1      ; 46              ; 46            ; 46              ; 0     ; 0              ; 0            ; 0                ; 0                 ;
; eg|cols[5].e_col|smol                                                                                        ; 79    ; 19             ; 0            ; 19             ; 4      ; 19              ; 19            ; 19              ; 0     ; 0              ; 0            ; 0                ; 0                 ;
; eg|cols[5].e_col                                                                                             ; 61    ; 22             ; 0            ; 22             ; 17     ; 22              ; 22            ; 22              ; 0     ; 0              ; 0            ; 0                ; 0                 ;
; eg|cols[4].e_col|octo2|s                                                                                     ; 136   ; 82             ; 2            ; 82             ; 1      ; 82              ; 82            ; 82              ; 0     ; 0              ; 0            ; 0                ; 0                 ;
; eg|cols[4].e_col|octo2                                                                                       ; 79    ; 19             ; 0            ; 19             ; 4      ; 19              ; 19            ; 19              ; 0     ; 0              ; 0            ; 0                ; 0                 ;
; eg|cols[4].e_col|octo1|s                                                                                     ; 136   ; 82             ; 2            ; 82             ; 1      ; 82              ; 82            ; 82              ; 0     ; 0              ; 0            ; 0                ; 0                 ;
; eg|cols[4].e_col|octo1                                                                                       ; 79    ; 19             ; 0            ; 19             ; 4      ; 19              ; 19            ; 19              ; 0     ; 0              ; 0            ; 0                ; 0                 ;
; eg|cols[4].e_col|bird2|s                                                                                     ; 128   ; 70             ; 2            ; 70             ; 1      ; 70              ; 70            ; 70              ; 0     ; 0              ; 0            ; 0                ; 0                 ;
; eg|cols[4].e_col|bird2                                                                                       ; 79    ; 19             ; 0            ; 19             ; 4      ; 19              ; 19            ; 19              ; 0     ; 0              ; 0            ; 0                ; 0                 ;
; eg|cols[4].e_col|bird1|s                                                                                     ; 128   ; 70             ; 2            ; 70             ; 1      ; 70              ; 70            ; 70              ; 0     ; 0              ; 0            ; 0                ; 0                 ;
; eg|cols[4].e_col|bird1                                                                                       ; 79    ; 19             ; 0            ; 19             ; 4      ; 19              ; 19            ; 19              ; 0     ; 0              ; 0            ; 0                ; 0                 ;
; eg|cols[4].e_col|smol|s                                                                                      ; 104   ; 46             ; 2            ; 46             ; 1      ; 46              ; 46            ; 46              ; 0     ; 0              ; 0            ; 0                ; 0                 ;
; eg|cols[4].e_col|smol                                                                                        ; 79    ; 19             ; 0            ; 19             ; 4      ; 19              ; 19            ; 19              ; 0     ; 0              ; 0            ; 0                ; 0                 ;
; eg|cols[4].e_col                                                                                             ; 61    ; 22             ; 0            ; 22             ; 17     ; 22              ; 22            ; 22              ; 0     ; 0              ; 0            ; 0                ; 0                 ;
; eg|cols[3].e_col|octo2|s                                                                                     ; 136   ; 82             ; 2            ; 82             ; 1      ; 82              ; 82            ; 82              ; 0     ; 0              ; 0            ; 0                ; 0                 ;
; eg|cols[3].e_col|octo2                                                                                       ; 79    ; 19             ; 0            ; 19             ; 4      ; 19              ; 19            ; 19              ; 0     ; 0              ; 0            ; 0                ; 0                 ;
; eg|cols[3].e_col|octo1|s                                                                                     ; 136   ; 82             ; 2            ; 82             ; 1      ; 82              ; 82            ; 82              ; 0     ; 0              ; 0            ; 0                ; 0                 ;
; eg|cols[3].e_col|octo1                                                                                       ; 79    ; 19             ; 0            ; 19             ; 4      ; 19              ; 19            ; 19              ; 0     ; 0              ; 0            ; 0                ; 0                 ;
; eg|cols[3].e_col|bird2|s                                                                                     ; 128   ; 70             ; 2            ; 70             ; 1      ; 70              ; 70            ; 70              ; 0     ; 0              ; 0            ; 0                ; 0                 ;
; eg|cols[3].e_col|bird2                                                                                       ; 79    ; 19             ; 0            ; 19             ; 4      ; 19              ; 19            ; 19              ; 0     ; 0              ; 0            ; 0                ; 0                 ;
; eg|cols[3].e_col|bird1|s                                                                                     ; 128   ; 70             ; 2            ; 70             ; 1      ; 70              ; 70            ; 70              ; 0     ; 0              ; 0            ; 0                ; 0                 ;
; eg|cols[3].e_col|bird1                                                                                       ; 79    ; 19             ; 0            ; 19             ; 4      ; 19              ; 19            ; 19              ; 0     ; 0              ; 0            ; 0                ; 0                 ;
; eg|cols[3].e_col|smol|s                                                                                      ; 104   ; 46             ; 2            ; 46             ; 1      ; 46              ; 46            ; 46              ; 0     ; 0              ; 0            ; 0                ; 0                 ;
; eg|cols[3].e_col|smol                                                                                        ; 79    ; 19             ; 0            ; 19             ; 4      ; 19              ; 19            ; 19              ; 0     ; 0              ; 0            ; 0                ; 0                 ;
; eg|cols[3].e_col                                                                                             ; 61    ; 22             ; 0            ; 22             ; 17     ; 22              ; 22            ; 22              ; 0     ; 0              ; 0            ; 0                ; 0                 ;
; eg|cols[2].e_col|octo2|s                                                                                     ; 136   ; 82             ; 2            ; 82             ; 1      ; 82              ; 82            ; 82              ; 0     ; 0              ; 0            ; 0                ; 0                 ;
; eg|cols[2].e_col|octo2                                                                                       ; 79    ; 19             ; 0            ; 19             ; 4      ; 19              ; 19            ; 19              ; 0     ; 0              ; 0            ; 0                ; 0                 ;
; eg|cols[2].e_col|octo1|s                                                                                     ; 136   ; 82             ; 2            ; 82             ; 1      ; 82              ; 82            ; 82              ; 0     ; 0              ; 0            ; 0                ; 0                 ;
; eg|cols[2].e_col|octo1                                                                                       ; 79    ; 19             ; 0            ; 19             ; 4      ; 19              ; 19            ; 19              ; 0     ; 0              ; 0            ; 0                ; 0                 ;
; eg|cols[2].e_col|bird2|s                                                                                     ; 128   ; 70             ; 2            ; 70             ; 1      ; 70              ; 70            ; 70              ; 0     ; 0              ; 0            ; 0                ; 0                 ;
; eg|cols[2].e_col|bird2                                                                                       ; 79    ; 19             ; 0            ; 19             ; 4      ; 19              ; 19            ; 19              ; 0     ; 0              ; 0            ; 0                ; 0                 ;
; eg|cols[2].e_col|bird1|s                                                                                     ; 128   ; 70             ; 2            ; 70             ; 1      ; 70              ; 70            ; 70              ; 0     ; 0              ; 0            ; 0                ; 0                 ;
; eg|cols[2].e_col|bird1                                                                                       ; 79    ; 19             ; 0            ; 19             ; 4      ; 19              ; 19            ; 19              ; 0     ; 0              ; 0            ; 0                ; 0                 ;
; eg|cols[2].e_col|smol|s                                                                                      ; 104   ; 46             ; 2            ; 46             ; 1      ; 46              ; 46            ; 46              ; 0     ; 0              ; 0            ; 0                ; 0                 ;
; eg|cols[2].e_col|smol                                                                                        ; 79    ; 19             ; 0            ; 19             ; 4      ; 19              ; 19            ; 19              ; 0     ; 0              ; 0            ; 0                ; 0                 ;
; eg|cols[2].e_col                                                                                             ; 61    ; 22             ; 0            ; 22             ; 17     ; 22              ; 22            ; 22              ; 0     ; 0              ; 0            ; 0                ; 0                 ;
; eg|cols[1].e_col|octo2|s                                                                                     ; 136   ; 82             ; 2            ; 82             ; 1      ; 82              ; 82            ; 82              ; 0     ; 0              ; 0            ; 0                ; 0                 ;
; eg|cols[1].e_col|octo2                                                                                       ; 79    ; 19             ; 0            ; 19             ; 4      ; 19              ; 19            ; 19              ; 0     ; 0              ; 0            ; 0                ; 0                 ;
; eg|cols[1].e_col|octo1|s                                                                                     ; 136   ; 82             ; 2            ; 82             ; 1      ; 82              ; 82            ; 82              ; 0     ; 0              ; 0            ; 0                ; 0                 ;
; eg|cols[1].e_col|octo1                                                                                       ; 79    ; 19             ; 0            ; 19             ; 4      ; 19              ; 19            ; 19              ; 0     ; 0              ; 0            ; 0                ; 0                 ;
; eg|cols[1].e_col|bird2|s                                                                                     ; 128   ; 70             ; 2            ; 70             ; 1      ; 70              ; 70            ; 70              ; 0     ; 0              ; 0            ; 0                ; 0                 ;
; eg|cols[1].e_col|bird2                                                                                       ; 79    ; 19             ; 0            ; 19             ; 4      ; 19              ; 19            ; 19              ; 0     ; 0              ; 0            ; 0                ; 0                 ;
; eg|cols[1].e_col|bird1|s                                                                                     ; 128   ; 70             ; 2            ; 70             ; 1      ; 70              ; 70            ; 70              ; 0     ; 0              ; 0            ; 0                ; 0                 ;
; eg|cols[1].e_col|bird1                                                                                       ; 79    ; 19             ; 0            ; 19             ; 4      ; 19              ; 19            ; 19              ; 0     ; 0              ; 0            ; 0                ; 0                 ;
; eg|cols[1].e_col|smol|s                                                                                      ; 104   ; 46             ; 2            ; 46             ; 1      ; 46              ; 46            ; 46              ; 0     ; 0              ; 0            ; 0                ; 0                 ;
; eg|cols[1].e_col|smol                                                                                        ; 79    ; 19             ; 0            ; 19             ; 4      ; 19              ; 19            ; 19              ; 0     ; 0              ; 0            ; 0                ; 0                 ;
; eg|cols[1].e_col                                                                                             ; 61    ; 22             ; 0            ; 22             ; 17     ; 22              ; 22            ; 22              ; 0     ; 0              ; 0            ; 0                ; 0                 ;
; eg|cols[0].e_col|octo2|s                                                                                     ; 136   ; 82             ; 2            ; 82             ; 1      ; 82              ; 82            ; 82              ; 0     ; 0              ; 0            ; 0                ; 0                 ;
; eg|cols[0].e_col|octo2                                                                                       ; 79    ; 19             ; 0            ; 19             ; 4      ; 19              ; 19            ; 19              ; 0     ; 0              ; 0            ; 0                ; 0                 ;
; eg|cols[0].e_col|octo1|s                                                                                     ; 136   ; 82             ; 2            ; 82             ; 1      ; 82              ; 82            ; 82              ; 0     ; 0              ; 0            ; 0                ; 0                 ;
; eg|cols[0].e_col|octo1                                                                                       ; 79    ; 19             ; 0            ; 19             ; 4      ; 19              ; 19            ; 19              ; 0     ; 0              ; 0            ; 0                ; 0                 ;
; eg|cols[0].e_col|bird2|s                                                                                     ; 128   ; 70             ; 2            ; 70             ; 1      ; 70              ; 70            ; 70              ; 0     ; 0              ; 0            ; 0                ; 0                 ;
; eg|cols[0].e_col|bird2                                                                                       ; 79    ; 19             ; 0            ; 19             ; 4      ; 19              ; 19            ; 19              ; 0     ; 0              ; 0            ; 0                ; 0                 ;
; eg|cols[0].e_col|bird1|s                                                                                     ; 128   ; 70             ; 2            ; 70             ; 1      ; 70              ; 70            ; 70              ; 0     ; 0              ; 0            ; 0                ; 0                 ;
; eg|cols[0].e_col|bird1                                                                                       ; 79    ; 19             ; 0            ; 19             ; 4      ; 19              ; 19            ; 19              ; 0     ; 0              ; 0            ; 0                ; 0                 ;
; eg|cols[0].e_col|smol|s                                                                                      ; 104   ; 46             ; 2            ; 46             ; 1      ; 46              ; 46            ; 46              ; 0     ; 0              ; 0            ; 0                ; 0                 ;
; eg|cols[0].e_col|smol                                                                                        ; 79    ; 19             ; 0            ; 19             ; 4      ; 19              ; 19            ; 19              ; 0     ; 0              ; 0            ; 0                ; 0                 ;
; eg|cols[0].e_col                                                                                             ; 61    ; 22             ; 0            ; 22             ; 17     ; 22              ; 22            ; 22              ; 0     ; 0              ; 0            ; 0                ; 0                 ;
; eg                                                                                                           ; 40    ; 0              ; 0            ; 0              ; 38     ; 0               ; 0             ; 0               ; 0     ; 0              ; 0            ; 0                ; 0                 ;
; codec|Audio_Out_Serializer|Audio_Out_Right_Channel_FIFO|Sync_FIFO|auto_generated|dpfifo|wr_ptr               ; 3     ; 0              ; 0            ; 0              ; 7      ; 0               ; 0             ; 0               ; 0     ; 0              ; 0            ; 0                ; 0                 ;
; codec|Audio_Out_Serializer|Audio_Out_Right_Channel_FIFO|Sync_FIFO|auto_generated|dpfifo|usedw_counter        ; 4     ; 0              ; 0            ; 0              ; 7      ; 0               ; 0             ; 0               ; 0     ; 0              ; 0            ; 0                ; 0                 ;
; codec|Audio_Out_Serializer|Audio_Out_Right_Channel_FIFO|Sync_FIFO|auto_generated|dpfifo|rd_ptr_msb           ; 3     ; 0              ; 0            ; 0              ; 6      ; 0               ; 0             ; 0               ; 0     ; 0              ; 0            ; 0                ; 0                 ;
; codec|Audio_Out_Serializer|Audio_Out_Right_Channel_FIFO|Sync_FIFO|auto_generated|dpfifo|three_comparison     ; 14    ; 7              ; 0            ; 7              ; 1      ; 7               ; 7             ; 7               ; 0     ; 0              ; 0            ; 0                ; 0                 ;
; codec|Audio_Out_Serializer|Audio_Out_Right_Channel_FIFO|Sync_FIFO|auto_generated|dpfifo|almost_full_comparer ; 14    ; 7              ; 0            ; 7              ; 1      ; 7               ; 7             ; 7               ; 0     ; 0              ; 0            ; 0                ; 0                 ;
; codec|Audio_Out_Serializer|Audio_Out_Right_Channel_FIFO|Sync_FIFO|auto_generated|dpfifo|FIFOram              ; 40    ; 0              ; 0            ; 0              ; 24     ; 0               ; 0             ; 0               ; 0     ; 0              ; 0            ; 0                ; 0                 ;
; codec|Audio_Out_Serializer|Audio_Out_Right_Channel_FIFO|Sync_FIFO|auto_generated|dpfifo                      ; 28    ; 0              ; 0            ; 0              ; 33     ; 0               ; 0             ; 0               ; 0     ; 0              ; 0            ; 0                ; 0                 ;
; codec|Audio_Out_Serializer|Audio_Out_Right_Channel_FIFO|Sync_FIFO|auto_generated                             ; 28    ; 0              ; 0            ; 0              ; 33     ; 0               ; 0             ; 0               ; 0     ; 0              ; 0            ; 0                ; 0                 ;
; codec|Audio_Out_Serializer|Audio_Out_Right_Channel_FIFO                                                      ; 28    ; 0              ; 0            ; 0              ; 33     ; 0               ; 0             ; 0               ; 0     ; 0              ; 0            ; 0                ; 0                 ;
; codec|Audio_Out_Serializer|Audio_Out_Left_Channel_FIFO|Sync_FIFO|auto_generated|dpfifo|wr_ptr                ; 3     ; 0              ; 0            ; 0              ; 7      ; 0               ; 0             ; 0               ; 0     ; 0              ; 0            ; 0                ; 0                 ;
; codec|Audio_Out_Serializer|Audio_Out_Left_Channel_FIFO|Sync_FIFO|auto_generated|dpfifo|usedw_counter         ; 4     ; 0              ; 0            ; 0              ; 7      ; 0               ; 0             ; 0               ; 0     ; 0              ; 0            ; 0                ; 0                 ;
; codec|Audio_Out_Serializer|Audio_Out_Left_Channel_FIFO|Sync_FIFO|auto_generated|dpfifo|rd_ptr_msb            ; 3     ; 0              ; 0            ; 0              ; 6      ; 0               ; 0             ; 0               ; 0     ; 0              ; 0            ; 0                ; 0                 ;
; codec|Audio_Out_Serializer|Audio_Out_Left_Channel_FIFO|Sync_FIFO|auto_generated|dpfifo|three_comparison      ; 14    ; 7              ; 0            ; 7              ; 1      ; 7               ; 7             ; 7               ; 0     ; 0              ; 0            ; 0                ; 0                 ;
; codec|Audio_Out_Serializer|Audio_Out_Left_Channel_FIFO|Sync_FIFO|auto_generated|dpfifo|almost_full_comparer  ; 14    ; 7              ; 0            ; 7              ; 1      ; 7               ; 7             ; 7               ; 0     ; 0              ; 0            ; 0                ; 0                 ;
; codec|Audio_Out_Serializer|Audio_Out_Left_Channel_FIFO|Sync_FIFO|auto_generated|dpfifo|FIFOram               ; 40    ; 0              ; 0            ; 0              ; 24     ; 0               ; 0             ; 0               ; 0     ; 0              ; 0            ; 0                ; 0                 ;
; codec|Audio_Out_Serializer|Audio_Out_Left_Channel_FIFO|Sync_FIFO|auto_generated|dpfifo                       ; 28    ; 0              ; 0            ; 0              ; 33     ; 0               ; 0             ; 0               ; 0     ; 0              ; 0            ; 0                ; 0                 ;
; codec|Audio_Out_Serializer|Audio_Out_Left_Channel_FIFO|Sync_FIFO|auto_generated                              ; 28    ; 0              ; 0            ; 0              ; 33     ; 0               ; 0             ; 0               ; 0     ; 0              ; 0            ; 0                ; 0                 ;
; codec|Audio_Out_Serializer|Audio_Out_Left_Channel_FIFO                                                       ; 28    ; 0              ; 0            ; 0              ; 33     ; 0               ; 0             ; 0               ; 0     ; 0              ; 0            ; 0                ; 0                 ;
; codec|Audio_Out_Serializer                                                                                   ; 56    ; 0              ; 1            ; 0              ; 17     ; 0               ; 0             ; 0               ; 0     ; 0              ; 0            ; 0                ; 0                 ;
; codec|Audio_In_Deserializer|Audio_In_Right_Channel_FIFO|Sync_FIFO|auto_generated|dpfifo|wr_ptr               ; 3     ; 0              ; 0            ; 0              ; 7      ; 0               ; 0             ; 0               ; 0     ; 0              ; 0            ; 0                ; 0                 ;
; codec|Audio_In_Deserializer|Audio_In_Right_Channel_FIFO|Sync_FIFO|auto_generated|dpfifo|usedw_counter        ; 4     ; 0              ; 0            ; 0              ; 7      ; 0               ; 0             ; 0               ; 0     ; 0              ; 0            ; 0                ; 0                 ;
; codec|Audio_In_Deserializer|Audio_In_Right_Channel_FIFO|Sync_FIFO|auto_generated|dpfifo|rd_ptr_msb           ; 3     ; 0              ; 0            ; 0              ; 6      ; 0               ; 0             ; 0               ; 0     ; 0              ; 0            ; 0                ; 0                 ;
; codec|Audio_In_Deserializer|Audio_In_Right_Channel_FIFO|Sync_FIFO|auto_generated|dpfifo|three_comparison     ; 14    ; 7              ; 0            ; 7              ; 1      ; 7               ; 7             ; 7               ; 0     ; 0              ; 0            ; 0                ; 0                 ;
; codec|Audio_In_Deserializer|Audio_In_Right_Channel_FIFO|Sync_FIFO|auto_generated|dpfifo|almost_full_comparer ; 14    ; 7              ; 0            ; 7              ; 1      ; 7               ; 7             ; 7               ; 0     ; 0              ; 0            ; 0                ; 0                 ;
; codec|Audio_In_Deserializer|Audio_In_Right_Channel_FIFO|Sync_FIFO|auto_generated|dpfifo|FIFOram              ; 40    ; 0              ; 0            ; 0              ; 24     ; 0               ; 0             ; 0               ; 0     ; 0              ; 0            ; 0                ; 0                 ;
; codec|Audio_In_Deserializer|Audio_In_Right_Channel_FIFO|Sync_FIFO|auto_generated|dpfifo                      ; 28    ; 0              ; 0            ; 0              ; 33     ; 0               ; 0             ; 0               ; 0     ; 0              ; 0            ; 0                ; 0                 ;
; codec|Audio_In_Deserializer|Audio_In_Right_Channel_FIFO|Sync_FIFO|auto_generated                             ; 28    ; 0              ; 0            ; 0              ; 33     ; 0               ; 0             ; 0               ; 0     ; 0              ; 0            ; 0                ; 0                 ;
; codec|Audio_In_Deserializer|Audio_In_Right_Channel_FIFO                                                      ; 28    ; 0              ; 0            ; 0              ; 33     ; 0               ; 0             ; 0               ; 0     ; 0              ; 0            ; 0                ; 0                 ;
; codec|Audio_In_Deserializer|Audio_In_Left_Channel_FIFO|Sync_FIFO|auto_generated|dpfifo|wr_ptr                ; 3     ; 0              ; 0            ; 0              ; 7      ; 0               ; 0             ; 0               ; 0     ; 0              ; 0            ; 0                ; 0                 ;
; codec|Audio_In_Deserializer|Audio_In_Left_Channel_FIFO|Sync_FIFO|auto_generated|dpfifo|usedw_counter         ; 4     ; 0              ; 0            ; 0              ; 7      ; 0               ; 0             ; 0               ; 0     ; 0              ; 0            ; 0                ; 0                 ;
; codec|Audio_In_Deserializer|Audio_In_Left_Channel_FIFO|Sync_FIFO|auto_generated|dpfifo|rd_ptr_msb            ; 3     ; 0              ; 0            ; 0              ; 6      ; 0               ; 0             ; 0               ; 0     ; 0              ; 0            ; 0                ; 0                 ;
; codec|Audio_In_Deserializer|Audio_In_Left_Channel_FIFO|Sync_FIFO|auto_generated|dpfifo|three_comparison      ; 14    ; 7              ; 0            ; 7              ; 1      ; 7               ; 7             ; 7               ; 0     ; 0              ; 0            ; 0                ; 0                 ;
; codec|Audio_In_Deserializer|Audio_In_Left_Channel_FIFO|Sync_FIFO|auto_generated|dpfifo|almost_full_comparer  ; 14    ; 7              ; 0            ; 7              ; 1      ; 7               ; 7             ; 7               ; 0     ; 0              ; 0            ; 0                ; 0                 ;
; codec|Audio_In_Deserializer|Audio_In_Left_Channel_FIFO|Sync_FIFO|auto_generated|dpfifo|FIFOram               ; 40    ; 0              ; 0            ; 0              ; 24     ; 0               ; 0             ; 0               ; 0     ; 0              ; 0            ; 0                ; 0                 ;
; codec|Audio_In_Deserializer|Audio_In_Left_Channel_FIFO|Sync_FIFO|auto_generated|dpfifo                       ; 28    ; 0              ; 0            ; 0              ; 33     ; 0               ; 0             ; 0               ; 0     ; 0              ; 0            ; 0                ; 0                 ;
; codec|Audio_In_Deserializer|Audio_In_Left_Channel_FIFO|Sync_FIFO|auto_generated                              ; 28    ; 0              ; 0            ; 0              ; 33     ; 0               ; 0             ; 0               ; 0     ; 0              ; 0            ; 0                ; 0                 ;
; codec|Audio_In_Deserializer|Audio_In_Left_Channel_FIFO                                                       ; 28    ; 0              ; 0            ; 0              ; 33     ; 0               ; 0             ; 0               ; 0     ; 0              ; 0            ; 0                ; 0                 ;
; codec|Audio_In_Deserializer|Audio_Out_Bit_Counter                                                            ; 6     ; 0              ; 1            ; 0              ; 1      ; 0               ; 0             ; 0               ; 0     ; 0              ; 0            ; 0                ; 0                 ;
; codec|Audio_In_Deserializer                                                                                  ; 10    ; 0              ; 0            ; 0              ; 64     ; 0               ; 0             ; 0               ; 0     ; 0              ; 0            ; 0                ; 0                 ;
; codec|DAC_Left_Right_Clock_Edges                                                                             ; 3     ; 0              ; 1            ; 0              ; 2      ; 0               ; 0             ; 0               ; 0     ; 0              ; 0            ; 0                ; 0                 ;
; codec|ADC_Left_Right_Clock_Edges                                                                             ; 3     ; 0              ; 1            ; 0              ; 2      ; 0               ; 0             ; 0               ; 0     ; 0              ; 0            ; 0                ; 0                 ;
; codec|Bit_Clock_Edges                                                                                        ; 3     ; 0              ; 1            ; 0              ; 2      ; 0               ; 0             ; 0               ; 0     ; 0              ; 0            ; 0                ; 0                 ;
; codec                                                                                                        ; 56    ; 1              ; 0            ; 1              ; 51     ; 1               ; 1             ; 1               ; 0     ; 0              ; 0            ; 0                ; 0                 ;
; cfg|I2C_Controller                                                                                           ; 21    ; 2              ; 0            ; 2              ; 12     ; 2               ; 2             ; 2               ; 1     ; 0              ; 0            ; 0                ; 0                 ;
; cfg|Auto_Initialize                                                                                          ; 5     ; 1              ; 0            ; 1              ; 13     ; 1               ; 1             ; 1               ; 0     ; 0              ; 0            ; 0                ; 0                 ;
; cfg|Clock_Generator_400KHz                                                                                   ; 3     ; 0              ; 0            ; 0              ; 3      ; 0               ; 0             ; 0               ; 0     ; 0              ; 0            ; 0                ; 0                 ;
; cfg                                                                                                          ; 2     ; 1              ; 0            ; 1              ; 1      ; 1               ; 1             ; 1               ; 1     ; 0              ; 0            ; 0                ; 0                 ;
; my_clock_gen|DE_Clock_Generator_Audio|auto_generated                                                         ; 3     ; 5              ; 1            ; 5              ; 7      ; 5               ; 5             ; 5               ; 0     ; 0              ; 0            ; 0                ; 0                 ;
; my_clock_gen                                                                                                 ; 2     ; 1              ; 0            ; 1              ; 1      ; 1               ; 1             ; 1               ; 0     ; 0              ; 0            ; 0                ; 0                 ;
; v1|video                                                                                                     ; 36    ; 29             ; 0            ; 29             ; 48     ; 29              ; 29            ; 29              ; 0     ; 0              ; 0            ; 0                ; 0                 ;
; v1|c25_gen|clock25_pll_inst                                                                                  ; 2     ; 0              ; 0            ; 0              ; 2      ; 0               ; 0             ; 0               ; 0     ; 0              ; 0            ; 0                ; 0                 ;
; v1|c25_gen                                                                                                   ; 2     ; 1              ; 0            ; 1              ; 2      ; 1               ; 1             ; 1               ; 0     ; 0              ; 0            ; 0                ; 0                 ;
; v1                                                                                                           ; 26    ; 1              ; 0            ; 1              ; 48     ; 1               ; 1             ; 1               ; 0     ; 0              ; 0            ; 0                ; 0                 ;
+--------------------------------------------------------------------------------------------------------------+-------+----------------+--------------+----------------+--------+-----------------+---------------+-----------------+-------+----------------+--------------+------------------+-------------------+
